5 100
25
100 26
200 1 18 12 6 3 0 0
200 2 13 8 4 5 0 0
200 3 19 16 5 4 4 3
300 3 2 0 27
300 3 1 0 18
200 4 13 3 4 4 2 0
300 2 4 2 3 1 63
200 5 17 21 3 4 2 1
300 5 3 2 4 2 81
300 2 4 1 3 61
300 1 2 0 31
300 3 4 3 5 1 2 84
300 2 1 3 5 3 4 81
200 6 8 6 4 4 0 3
200 7 8 14 5 4 0 0
300 6 7 0 45
300 4 3 3 5 7 1 110
200 8 18 2 5 2 0 1
300 7 2 0 11
300 4 7 5 6 8 5 3 2 118
300 1 3 5 7 2 8 6 4 116
300 3 5 1 7 79
300 4 5 4 8 1 2 7 83
200 9 5 19 3 4 1 3
25
100 24
200 1 12 6 3 6 2 3
200 2 14 13 5 6 4 1
200 3 18 20 5 3 0 2
300 2 3 1 1 66
300 3 1 1 2 63
300 3 1 1 2 63
200 4 9 11 2 5 1 4
200 5 6 3 5 3 3 0
200 6 16 7 6 3 0 0
300 2 4 0 25
200 7 10 17 2 2 0 0
300 4 6 3 1 5 7 60
300 4 6 3 2 3 7 96
300 2 3 5 4 1 5 6 7 130
300 6 1 0 26
300 7 5 2 3 2 97
300 2 1 0 37
300 6 2 4 3 7 4 5 131
300 7 6 0 26
300 2 4 4 6 3 5 1 109
300 6 4 3 7 1 3 86
300 1 4 2 7 2 44
300 5 2 2 6 1 48
300 7 4 5 1 5 3 6 2 124
25
100 30
200 1 23 3 5 3 3 0
200 2 19 7 4 3 0 1
300 1 2 0 24
300 2 1 0 16
300 1 2 0 24
300 2 1 0 16
300 1 2 0 24
300 1 2 0 24
200 3 24 9 4 2 0 0
300 3 1 1 2 38
200 4 15 10 3 3 0 0
200 5 12 2 6 6 0 4
200 6 8 11 6 5 4 0
300 6 4 4 2 3 1 5 98
200 7 6 17 6 4 5 0
200 8 9 6 2 2 1 0
300 1 5 3 7 2 4 75
200 9 1 7 6 6 3 5
300 8 2 4 6 1 4 5 101
200 10 3 14 2 4 1 3
300 3 2 2 1 6 96
300 1 4 5 7 2 8 10 3 136
300 5 9 5 4 8 1 10 3 126
200 11 13 19 3 6 2 5
25
100 32
200 1 24 25 2 3 1 1
200 2 21 25 2 2 1 1
300 1 2 0 9
300 1 2 0 9
200 3 27 23 2 3 1 0
200 4 22 20 2 4 0 1
200 5 16 16 6 3 0 0
200 6 19 13 3 2 2 0
300 2 3 2 4 1 35
300 1 5 1 3 43
300 4 5 3 6 1 3 87
300 6 4 0 23
300 1 3 3 2 4 5 58
200 7 16 20 2 3 1 2
300 1 7 1 4 26
300 7 5 0 13
200 8 9 16 6 2 0 1
200 9 4 19 6 4 0 2
200 10 11 9 3 6 1 5
300 2 5 1 3 48
300 9 6 4 7 2 8 5 87
300 7 4 3 9 5 6 84
300 7 3 5 9 10 5 2 1 102
300 3 5 2 4 6 67
25
100 22
200 1 10 4 6 4 2 0
200 2 6 5 3 4 2 0
200 3 6 10 5 3 0 2
300 3 1 1 2 22
300 3 2 1 1 43
300 3 1 1 2 22
200 4 6 14 2 5 0 4
200 5 2 15 3 3 0 2
300 3 5 2 1 4 63
200 6 12 14 6 2 4 0
300 4 6 4 1 2 5 3 72
300 5 6 4 4 3 1 2 85
300 6 1 0 40
300 5 6 4 1 3 4 2 85
300 4 6 4 3 2 5 1 72
300 1 4 4 3 5 6 2 102
300 4 3 2 5 1 66
300 3 2 3 5 6 4 81
300 4 6 3 3 2 1 62
300 5 1 1 2 31
300 3 4 3 6 2 5 90
300 6 4 2 3 5 60
300 1 6 3 2 3 4 80
300 4 2 3 3 6 5 75
