50
2
-15 -15 1
15 15 1
2
0 0 1
1 0 1
2
-15 -1 1
-15 1 1
2
-15 -15 2
-14 -14 2
3
-2 0 3
0 0 3
2 0 3
3
-1 0 1
1 0 1
0 1 1
3
-15 -15 1
0 0 1
15 15 1
3
-1 0 1
1 0 1
0 0 1
9
-1 -1 1
-1 0 1
-1 1 1
0 -1 1
0 0 1
0 1 1
1 -1 1
1 0 1
1 1 1
10
0 -5 11
0 -4 11
0 -3 11
0 -2 11
0 -1 11
0 0 11
0 1 11
0 2 11
0 3 11
0 4 11
4
-15 -2 2
-15 2 2
15 -2 2
15 2 2
5
-7 0 1
-6 1 3
7 0 1
6 -1 3
0 0 11
7
8 -3 8
9 -6 4
3 -7 6
9 -2 8
4 -4 7
7 -2 6
6 -2 5
8
7 -5 6
6 -3 5
8 2 7
10 0 6
5 0 4
11 -3 7
5 2 7
6 1 4
8
-9 14 7
-7 9 6
-15 10 5
-12 14 7
-15 11 8
-14 7 7
-12 9 2
-12 11 4
9
9 9 1
9 6 7
11 11 5
10 6 6
12 9 7
7 11 5
10 5 9
4 8 8
10 12 6
3
-11 1 6
-10 3 9
-5 -4 6
7
8 6 6
12 8 9
8 7 8
8 2 7
10 3 2
11 1 7
8 0 8
7
-1 -9 5
-7 -10 8
-4 -12 3
-6 -11 6
-7 -12 8
-4 -11 4
-6 -13 6
4
3 -1 6
8 0 5
0 4 9
4 4 6
10
5 2 5
5 5 3
8 7 9
4 2 2
8 6 7
3 7 5
8 4 6
7 5 5
7 0 8
4 1 5
4
-7 6 8
-6 1 3
-6 -1 4
-3 -1 5
6
-13 -2 5
-14 0 2
-11 0 3
10 2 2
13 3 4
10 1 5
6
-14 -3 3
-10 -2 3
-11 -5 3
11 -2 1
13 -2 1
12 -3 1
4
-14 -6 2
-14 -7 4
13 8 3
11 8 1
9
-13 4 3
-13 8 4
-10 7 5
-12 5 1
11 7 1
13 5 4
10 6 5
13 8 2
12 6 2
5
-11 3 4
-11 2 1
13 6 3
13 2 3
13 5 3
7
-13 -3 1
-11 -5 4
-14 -2 5
13 -9 3
14 -8 3
13 -10 5
13 -7 2
6
-11 2 4
-12 1 1
-10 0 2
13 6 5
10 4 2
11 2 5
9
-11 -8 2
-11 -9 5
-11 -7 1
-13 -7 2
10 4 5
13 4 3
12 1 3
11 5 5
11 1 3
10
-13 -8 3
-12 -8 2
-11 -8 4
-10 -6 2
-11 -5 2
13 -3 4
13 -6 4
12 -3 2
11 -3 4
14 -6 3
5
-12 1 2
-13 2 4
10 6 3
14 6 2
13 5 2
7
-14 -14 1
-12 -13 2
12 -12 2
13 -14 1
1 14 3
0 14 2
0 12 2
8
-12 -12 1
-12 -14 2
14 -13 3
13 -12 3
-1 13 1
0 14 3
0 12 1
1 13 2
9
-12 -12 2
-12 -13 1
-13 -14 2
12 -14 1
13 -12 3
14 -12 1
-1 14 3
-1 13 2
1 13 2
9
-12 -12 3
-13 -14 3
-14 -12 1
13 -12 1
12 -12 1
13 -14 2
0 12 1
1 13 1
-1 13 3
7
-13 -12 3
-14 -12 2
12 -12 2
12 -13 2
-1 14 1
1 14 2
1 12 3
9
-14 -13 3
-12 -14 2
-12 -12 2
13 -12 2
14 -14 2
12 -14 3
0 14 2
-1 14 3
1 13 1
7
-13 -12 3
-12 -14 1
13 -12 3
12 -14 1
-1 13 1
-1 14 3
1 13 3
6
-14 -14 3
-12 -13 3
14 -13 1
13 -14 1
1 13 1
0 12 1
10
-1 -1 11
-1 0 11
-1 1 11
0 -1 11
0 0 11
0 1 11
1 -1 11
1 0 11
1 1 11
-15 -15 1
10
1 -1 11
1 0 11
1 1 11
2 -1 11
2 0 11
2 1 11
3 -1 11
3 0 11
3 1 11
-15 -15 2
10
-3 0 11
-3 1 11
-3 2 11
-2 0 11
-2 1 11
-2 2 11
-1 0 11
-1 1 11
-1 2 11
15 -15 1
10
-1 -3 11
-1 -2 11
-1 -1 11
0 -3 11
0 -2 11
0 -1 11
1 -3 11
1 -2 11
1 -1 11
-15 15 2
10
3 2 11
3 3 11
3 4 11
4 2 11
4 3 11
4 4 11
5 2 11
5 3 11
5 4 11
-15 -15 1
10
-5 -4 11
-5 -3 11
-5 -2 11
-4 -4 11
-4 -3 11
-4 -2 11
-3 -4 11
-3 -3 11
-3 -2 11
15 15 2
10
1 -5 11
1 -4 11
1 -3 11
2 -5 11
2 -4 11
2 -3 11
3 -5 11
3 -4 11
3 -3 11
-15 15 1
10
-4 3 11
-4 4 11
-4 5 11
-3 3 11
-3 4 11
-3 5 11
-2 3 11
-15 -15 1
15 -15 1
0 15 1
10
4 -6 11
4 -5 11
4 -4 11
5 -6 11
5 -5 11
5 -4 11
6 -6 11
-15 -15 1
15 -15 1
0 15 1
10
-6 4 11
-6 5 11
-6 6 11
-5 4 11
-5 5 11
-5 6 11
-4 4 11
-15 -15 1
15 -15 1
0 15 1
