50
6 10
1 1 1 1 1 1
1 1 1 1 1 1
1 1 0 1 1 1
1 1 1 1 1 1
1 1 1 1 1 1
1 1 1 1 1 1
9 50
1 1 1 1 1 1 1 1 1
1 0 1 0 1 0 1 0 1
1 1 0 1 0 1 0 1 1
1 0 1 0 1 0 1 0 1
1 1 0 1 0 1 0 1 1
1 0 1 0 1 0 1 0 1
1 1 0 1 0 1 0 1 1
1 0 1 0 1 0 1 0 1
1 1 1 1 1 1 1 1 1
7 20
1 1 1 1 1 1 1
1 1 1 0 1 1 1
1 1 1 0 1 1 1
1 1 1 0 1 1 1
1 1 1 0 1 1 1
1 1 1 0 1 1 1
1 1 1 1 1 1 1
6 12
1 1 1 1 1 1
1 0 0 0 0 1
1 1 1 1 0 1
1 1 1 1 0 1
1 1 1 1 0 1
1 1 1 1 1 1
7 25
1 1 1 1 1 1 1
1 1 1 1 1 1 1
1 0 0 0 0 0 1
1 1 1 0 1 1 1
1 1 1 0 1 1 1
1 1 1 0 1 1 1
1 1 1 1 1 1 1
9 30
1 1 1 1 1 1 1 1 1
1 1 1 1 0 1 1 1 1
1 1 1 1 0 1 1 1 1
1 1 1 1 0 1 1 1 1
1 0 0 0 0 0 0 0 1
1 1 1 1 0 1 1 1 1
1 1 1 1 0 1 1 1 1
1 1 1 1 0 1 1 1 1
1 1 1 1 1 1 1 1 1
8 35
1 1 1 1 1 1 1 1
1 0 0 0 0 0 0 1
1 0 1 1 1 1 0 1
1 0 1 1 1 1 0 1
1 0 1 1 1 1 0 1
1 0 1 1 1 1 0 1
1 0 0 0 0 0 0 1
1 1 1 1 1 1 1 1
6 11
1 1 1 1 1 1
1 1 1 1 1 1
1 1 0 0 1 1
1 1 0 0 1 1
1 1 1 1 1 1
1 1 1 1 1 1
9 49
1 1 1 1 1 1 1 1 1
1 0 0 0 0 0 0 0 1
1 1 1 1 1 1 1 0 1
1 0 0 0 0 0 0 0 1
1 0 1 1 1 1 1 1 1
1 0 0 0 0 0 0 0 1
1 1 1 1 1 1 1 0 1
1 0 0 0 0 0 0 0 1
1 1 1 1 1 1 1 1 1
8 30
1 1 1 1 1 1 1 1
1 0 0 1 1 1 0 1
1 0 0 1 1 1 0 1
1 1 1 1 1 1 0 1
1 1 1 1 1 1 0 1
1 1 1 1 1 1 0 1
1 1 1 1 1 1 0 1
1 1 1 1 1 1 1 1
8 38
1 1 1 1 1 1 1 1
1 1 0 1 1 1 1 1
1 1 0 1 1 1 1 1
1 0 0 0 0 0 0 1
1 1 0 1 1 0 1 1
1 1 0 1 1 0 0 1
1 1 0 1 1 1 1 1
1 1 1 1 1 1 1 1
7 50
1 1 1 1 1 1 1
1 0 0 0 1 1 1
1 0 0 0 1 1 1
1 0 0 0 0 0 1
1 1 1 1 1 0 1
1 1 1 1 1 0 1
1 1 1 1 1 1 1
6 10
1 1 1 1 1 1
1 1 1 1 1 1
1 1 0 0 1 1
1 1 1 1 1 1
1 1 1 1 1 1
1 1 1 1 1 1
6 11
1 1 1 1 1 1
1 1 1 1 1 1
1 1 0 0 1 1
1 1 1 1 1 1
1 1 1 1 1 1
1 1 1 1 1 1
6 12
1 1 1 1 1 1
1 1 1 1 1 1
1 1 0 0 1 1
1 1 1 1 1 1
1 1 1 1 1 1
1 1 1 1 1 1
6 17
1 1 1 1 1 1
1 1 1 1 1 1
1 1 0 0 1 1
1 1 1 1 1 1
1 1 1 1 1 1
1 1 1 1 1 1
6 18
1 1 1 1 1 1
1 1 1 1 1 1
1 1 0 0 1 1
1 1 1 1 1 1
1 1 1 1 1 1
1 1 1 1 1 1
6 23
1 1 1 1 1 1
1 1 1 1 1 1
1 1 0 0 1 1
1 1 1 1 1 1
1 1 1 1 1 1
1 1 1 1 1 1
6 24
1 1 1 1 1 1
1 1 1 1 1 1
1 1 0 0 1 1
1 1 1 1 1 1
1 1 1 1 1 1
1 1 1 1 1 1
6 50
1 1 1 1 1 1
1 1 1 1 1 1
1 1 0 0 1 1
1 1 1 1 1 1
1 1 1 1 1 1
1 1 1 1 1 1
6 10
1 1 1 1 1 1
1 1 1 1 0 1
1 1 1 1 1 1
1 1 0 1 1 1
1 1 1 1 0 1
1 1 1 1 1 1
7 19
1 1 1 1 1 1 1
1 0 0 1 1 1 1
1 1 0 1 1 0 1
1 1 0 1 0 0 1
1 0 1 1 1 1 1
1 1 0 0 0 1 1
1 1 1 1 1 1 1
8 27
1 1 1 1 1 1 1 1
1 0 0 0 0 0 0 1
1 0 1 1 1 0 1 1
1 0 0 1 0 0 0 1
1 0 1 0 1 1 0 1
1 0 0 1 1 0 1 1
1 1 1 0 0 1 0 1
1 1 1 1 1 1 1 1
9 40
1 1 1 1 1 1 1 1 1
1 0 0 0 0 0 0 0 1
1 0 0 0 0 0 1 0 1
1 0 0 0 0 0 0 0 1
1 0 0 0 0 0 1 0 1
1 0 0 1 0 0 0 1 1
1 0 0 0 0 0 0 0 1
1 0 0 0 0 0 0 0 1
1 1 1 1 1 1 1 1 1
6 50
1 1 1 1 1 1
1 0 1 1 1 1
1 1 0 0 1 1
1 1 1 1 1 1
1 1 1 1 1 1
1 1 1 1 1 1
7 10
1 1 1 1 1 1 1
1 0 0 0 1 1 1
1 0 0 1 1 1 1
1 1 1 1 0 1 1
1 0 1 0 0 1 1
1 1 0 0 0 1 1
1 1 1 1 1 1 1
8 19
1 1 1 1 1 1 1 1
1 0 0 0 1 0 1 1
1 0 1 0 0 0 0 1
1 0 0 1 0 0 1 1
1 0 1 0 0 0 0 1
1 1 0 0 0 1 1 1
1 0 0 1 0 1 0 1
1 1 1 1 1 1 1 1
9 27
1 1 1 1 1 1 1 1 1
1 0 1 0 0 0 1 0 1
1 0 0 0 1 0 0 0 1
1 0 0 0 0 0 0 0 1
1 0 0 0 0 0 0 0 1
1 0 0 0 0 0 1 1 1
1 0 0 0 0 0 0 0 1
1 0 0 1 0 0 0 0 1
1 1 1 1 1 1 1 1 1
6 40
1 1 1 1 1 1
1 1 1 1 1 1
1 1 1 1 1 1
1 1 1 1 0 1
1 1 0 1 1 1
1 1 1 1 1 1
7 50
1 1 1 1 1 1 1
1 1 0 1 1 1 1
1 0 0 0 0 0 1
1 0 0 0 1 1 1
1 0 0 1 1 0 1
1 1 1 0 1 1 1
1 1 1 1 1 1 1
8 10
1 1 1 1 1 1 1 1
1 0 0 0 0 0 0 1
1 1 0 0 0 0 1 1
1 0 0 0 1 0 0 1
1 1 0 1 0 0 0 1
1 0 0 1 0 0 0 1
1 0 0 1 0 0 0 1
1 1 1 1 1 1 1 1
9 19
1 1 1 1 1 1 1 1 1
1 0 0 0 0 0 0 0 1
1 0 0 0 0 0 0 0 1
1 0 0 0 0 0 0 0 1
1 0 0 1 0 0 0 0 1
1 1 0 0 0 0 0 0 1
1 0 0 0 0 0 0 0 1
1 0 0 0 1 1 0 0 1
1 1 1 1 1 1 1 1 1
6 27
1 1 1 1 1 1
1 1 1 1 1 1
1 1 1 1 1 1
1 1 1 1 0 1
1 1 1 1 1 1
1 1 1 1 1 1
7 40
1 1 1 1 1 1 1
1 0 1 1 0 0 1
1 0 0 1 0 0 1
1 0 0 1 1 1 1
1 1 0 0 1 1 1
1 1 1 1 1 0 1
1 1 1 1 1 1 1
8 50
1 1 1 1 1 1 1 1
1 1 1 1 1 0 0 1
1 0 1 0 0 0 1 1
1 0 0 0 1 1 0 1
1 0 0 0 0 1 0 1
1 1 1 1 0 0 0 1
1 0 1 0 1 1 0 1
1 1 1 1 1 1 1 1
9 50
1 1 1 1 1 1 1 1 1
1 0 0 0 0 0 0 0 1
1 0 0 0 0 0 0 0 1
1 0 0 0 0 0 0 0 1
1 0 0 0 0 0 0 0 1
1 0 0 0 0 0 0 0 1
1 0 0 0 0 0 0 0 1
1 0 0 0 0 0 0 0 1
1 1 1 1 1 1 1 1 1
9 50
1 1 1 1 1 1 1 1 1
1 1 0 0 0 0 0 0 1
1 0 0 0 0 0 0 0 1
1 0 0 0 0 0 0 0 1
1 0 0 0 0 0 0 0 1
1 0 0 0 0 0 0 0 1
1 0 0 0 0 0 0 0 1
1 0 0 0 0 0 0 0 1
1 1 1 1 1 1 1 1 1
9 50
1 1 1 1 1 1 1 1 1
1 0 0 0 1 0 0 0 1
1 0 0 0 0 0 0 0 1
1 0 0 0 0 0 0 0 1
1 0 0 0 0 0 0 0 1
1 0 0 0 0 0 0 0 1
1 0 0 0 0 0 0 0 1
1 0 0 0 0 0 0 0 1
1 1 1 1 1 1 1 1 1
9 50
1 1 1 1 1 1 1 1 1
1 0 0 0 0 0 0 0 1
1 0 0 1 0 0 0 0 1
1 0 0 0 0 0 0 0 1
1 0 0 0 0 0 0 0 1
1 0 0 0 0 0 0 0 1
1 0 0 0 0 0 0 0 1
1 0 0 0 0 0 0 0 1
1 1 1 1 1 1 1 1 1
9 50
1 1 1 1 1 1 1 1 1
1 0 0 0 0 0 0 0 1
1 0 0 0 0 0 0 0 1
1 0 0 1 0 0 0 0 1
1 0 0 0 0 0 0 0 1
1 0 0 0 0 0 0 0 1
1 0 0 0 0 0 0 0 1
1 0 0 0 0 0 0 0 1
1 1 1 1 1 1 1 1 1
9 50
1 1 1 1 1 1 1 1 1
1 0 0 0 0 0 0 0 1
1 0 0 0 0 0 0 0 1
1 0 0 0 0 0 0 0 1
1 0 0 0 1 0 0 0 1
1 0 0 0 0 0 0 0 1
1 0 0 0 0 0 0 0 1
1 0 0 0 0 0 0 0 1
1 1 1 1 1 1 1 1 1
9 50
1 1 1 1 1 1 1 1 1
1 0 0 0 0 0 0 0 1
1 0 0 0 0 0 0 0 1
1 0 0 0 0 0 0 0 1
1 0 0 0 0 0 0 0 1
1 0 1 0 0 0 0 0 1
1 0 0 0 0 0 0 0 1
1 0 0 0 0 0 0 0 1
1 1 1 1 1 1 1 1 1
9 50
1 1 1 1 1 1 1 1 1
1 0 0 0 1 0 0 0 1
1 0 0 0 0 0 0 0 1
1 0 0 0 1 0 0 0 1
1 0 0 0 1 0 0 0 1
1 0 0 0 1 0 0 0 1
1 0 0 0 1 0 0 0 1
1 0 0 0 1 0 0 0 1
1 1 1 1 1 1 1 1 1
9 50
1 1 1 1 1 1 1 1 1
1 0 0 0 1 0 0 0 1
1 0 0 0 1 0 0 0 1
1 0 0 0 1 0 0 0 1
1 0 0 0 1 0 0 0 1
1 0 0 0 1 0 0 0 1
1 0 0 0 0 0 0 0 1
1 0 0 0 1 0 0 0 1
1 1 1 1 1 1 1 1 1
9 50
1 1 1 1 1 1 1 1 1
1 0 0 1 0 0 0 0 1
1 0 0 0 1 0 0 0 1
1 0 0 0 0 0 0 0 1
1 0 0 0 0 0 0 0 1
1 0 0 0 0 0 0 0 1
1 0 0 0 0 0 0 0 1
1 0 0 0 0 0 0 0 1
1 1 1 1 1 1 1 1 1
9 50
1 1 1 1 1 1 1 1 1
1 0 0 0 0 0 0 0 1
1 0 0 0 0 0 0 0 1
1 0 0 0 1 0 0 0 1
1 0 0 0 0 0 0 1 1
1 0 0 0 0 0 0 0 1
1 0 0 0 0 0 0 1 1
1 0 0 0 0 0 0 0 1
1 1 1 1 1 1 1 1 1
9 50
1 1 1 1 1 1 1 1 1
1 0 0 0 0 0 0 0 1
1 0 0 0 0 0 0 0 1
1 0 0 0 1 0 0 0 1
1 0 0 0 0 0 0 0 1
1 0 0 0 0 1 0 0 1
1 1 0 0 0 0 0 0 1
1 0 1 0 0 0 0 0 1
1 1 1 1 1 1 1 1 1
9 50
1 1 1 1 1 1 1 1 1
1 0 0 0 0 0 0 0 1
1 0 0 0 0 0 0 0 1
1 1 0 0 1 0 0 0 1
1 0 0 0 1 0 1 0 1
1 0 0 0 0 0 0 1 1
1 0 0 0 0 0 0 0 1
1 0 0 0 0 0 0 0 1
1 1 1 1 1 1 1 1 1
9 50
1 1 1 1 1 1 1 1 1
1 0 0 0 0 0 0 0 1
1 0 1 0 0 0 0 0 1
1 0 0 0 0 1 0 0 1
1 0 0 0 0 0 0 0 1
1 0 0 0 0 0 0 1 1
1 0 0 0 0 1 0 0 1
1 0 0 0 1 0 1 0 1
1 1 1 1 1 1 1 1 1
9 50
1 1 1 1 1 1 1 1 1
1 0 1 0 1 0 0 0 1
1 0 0 0 0 0 0 0 1
1 0 0 0 0 0 0 0 1
1 0 1 0 0 0 0 0 1
1 0 0 1 0 0 0 0 1
1 0 0 1 0 0 0 0 1
1 0 0 1 0 1 0 0 1
1 1 1 1 1 1 1 1 1
