4 100
19
100 20
400 0
200 20 0 0 2 2 4
200 7 4 0 6 2 4
400 2 7 20
300 20 7 0
200 15 2 0 4 1 10
300 20 7 1
400 1 7
200 3 6 2 8 4 4
300 7 3 0
400 2 7 3
200 9 6 0 8 2 18
300 20 3 1
400 1 3
200 1 10 10 11 11 1
300 1 1 1
400 2 3 1
400 2 3 1
17
100 50
200 50 0 0 2 3 6
200 5 2 0 4 3 12
200 40 10 0 14 3 12
200 8 20 0 24 3 12
200 99 30 0 35 3 15
400 4 99 8 40 5
300 50 5 1
300 5 8 0
200 3 0 3 1 4 13
400 4 99 3 8 40
200 2 1 3 2 4 14
400 4 99 2 8 40
200 1 2 3 3 4 15
400 4 99 1 8 40
300 50 1 1
400 4 99 1 8 40
22
100 100
200 120 0 0 1 1 1
200 110 3 0 4 1 1
200 100 6 0 7 1 1
200 90 9 0 10 1 1
200 80 12 0 13 1 1
200 70 15 0 16 1 1
200 60 18 0 19 1 1
200 50 21 0 22 1 1
200 40 24 0 25 1 1
200 30 27 0 28 1 1
200 20 30 0 31 1 1
200 10 33 0 34 1 1
400 10 10 20 30 40 50 60 70 80 90 100
400 10 10 20 30 40 50 60 70 80 90 100
200 5 0 1 1 2 2
400 10 5 10 20 30 40 50 60 70 80 90
300 5 120 1
300 5 110 0
200 1 1 0 3 1 5
400 10 1 10 20 30 40 50 60 70 80 90
300 5 110 1
9
100 45000
400 0
200 7 44996 44996 45000 45000 16
200 20 44995 44996 44996 45000 20
300 7 20 1
400 1 7
200 1 0 0 1 1 1
400 2 7 1
300 1 7 0
